0,0,4034 ns,6120 ns,2086 ns,0,8979

1,0,4034 ns,6838 ns,2804 ns,0,10634

2,0,4034 ns,6628 ns,2594 ns,0,8678

3,0,4034 ns,6945 ns,2911 ns,0,11584

4,0,4034 ns,5453 ns,1419 ns,0,9748

5,0,4034 ns,5611 ns,1577 ns,0,11078

6,0,4034 ns,6223 ns,2189 ns,0,8362

7,0,4034 ns,5771 ns,1737 ns,0,11463

8,0,4034 ns,6172 ns,2138 ns,0,9164

9,0,4034 ns,5136 ns,1102 ns,0,7586

10,0,4034 ns,5280 ns,1246 ns,0,10057

11,0,4034 ns,5536 ns,1502 ns,0,8179

12,0,4034 ns,5834 ns,1800 ns,0,10922

13,0,4034 ns,6953 ns,2919 ns,0,10506

14,0,4034 ns,5659 ns,1625 ns,0,9431

15,0,4034 ns,6658 ns,2624 ns,0,9594

16,0,4034 ns,5388 ns,1354 ns,0,7857

17,0,4034 ns,5502 ns,1468 ns,0,8209

18,0,4034 ns,7006 ns,2972 ns,0,9960

19,0,4034 ns,6397 ns,2363 ns,0,9602

20,0,4034 ns,5838 ns,1804 ns,0,9007

21,0,4034 ns,5172 ns,1138 ns,0,10619

22,0,4034 ns,6397 ns,2363 ns,0,7713

23,0,4034 ns,6277 ns,2243 ns,0,10345

24,0,4034 ns,6256 ns,2222 ns,0,9942

25,0,4034 ns,6079 ns,2045 ns,0,9201

26,0,4034 ns,5327 ns,1293 ns,0,11190

27,0,4034 ns,5618 ns,1584 ns,0,8556

28,0,4034 ns,6584 ns,2550 ns,0,9732

29,0,4034 ns,5705 ns,1671 ns,0,8144

30,0,4034 ns,6328 ns,2294 ns,0,12097

31,0,4034 ns,6033 ns,1999 ns,0,8193

32,0,4034 ns,6312 ns,2278 ns,0,11975

33,0,4034 ns,5301 ns,1267 ns,0,11679

34,0,4034 ns,5994 ns,1960 ns,0,11384

35,0,4034 ns,6232 ns,2198 ns,0,11084

36,0,4034 ns,6160 ns,2126 ns,0,9192

37,0,4034 ns,6348 ns,2314 ns,0,8381

38,0,4034 ns,6359 ns,2325 ns,0,11017

39,0,4034 ns,5581 ns,1547 ns,0,10151

40,0,4034 ns,6050 ns,2016 ns,0,10666

41,0,4034 ns,6163 ns,2129 ns,0,9219

42,0,4034 ns,5286 ns,1252 ns,0,10742

43,0,4034 ns,6994 ns,2960 ns,0,10020

44,0,4034 ns,6364 ns,2330 ns,0,9667

45,0,4034 ns,6567 ns,2533 ns,0,10257

46,0,4034 ns,5515 ns,1481 ns,0,8731

47,0,4034 ns,6420 ns,2386 ns,0,8950

48,0,4034 ns,6590 ns,2556 ns,0,11222

49,0,4034 ns,5600 ns,1566 ns,0,12082

50,0,4034 ns,5431 ns,1397 ns,0,7961

51,0,4034 ns,6428 ns,2394 ns,0,9049

52,0,4034 ns,6805 ns,2771 ns,0,12101

53,0,4034 ns,6160 ns,2126 ns,0,9247

54,0,4034 ns,5413 ns,1379 ns,0,8985

55,0,4034 ns,6232 ns,2198 ns,0,7768

56,0,4034 ns,5855 ns,1821 ns,0,11580

57,0,4034 ns,5295 ns,1261 ns,0,10948

58,0,4034 ns,6188 ns,2154 ns,0,8772

59,0,4034 ns,5466 ns,1432 ns,0,8848

60,0,4034 ns,5442 ns,1408 ns,0,8573

61,0,4034 ns,5698 ns,1664 ns,0,12004

62,0,4034 ns,5087 ns,1053 ns,0,8177

63,0,4034 ns,6798 ns,2764 ns,0,8631

64,0,4034 ns,5850 ns,1816 ns,0,11023

65,0,4034 ns,5830 ns,1796 ns,0,8057

66,0,4034 ns,6241 ns,2207 ns,0,11111

67,0,4034 ns,5327 ns,1293 ns,0,10146

68,0,4034 ns,5045 ns,1011 ns,0,11935

69,0,4034 ns,6663 ns,2629 ns,0,11201

70,0,4034 ns,5683 ns,1649 ns,0,8231

71,0,4034 ns,5934 ns,1900 ns,0,11192

72,0,4034 ns,5744 ns,1710 ns,0,11146

73,0,4034 ns,6692 ns,2658 ns,0,8186

74,0,4034 ns,6416 ns,2382 ns,0,9160

75,0,4034 ns,5380 ns,1346 ns,0,8978

76,0,4034 ns,6647 ns,2613 ns,0,10149

77,0,4034 ns,6829 ns,2795 ns,0,11406

78,0,4034 ns,5650 ns,1616 ns,0,10196

79,0,4034 ns,5423 ns,1389 ns,0,8346

80,0,4034 ns,6478 ns,2444 ns,0,11372

81,0,4034 ns,5236 ns,1202 ns,0,9643

82,0,4034 ns,5522 ns,1488 ns,0,12088

83,0,4034 ns,5775 ns,1741 ns,0,10567

84,0,4034 ns,6506 ns,2472 ns,0,9802

85,0,4034 ns,5038 ns,1004 ns,0,10996

86,0,4034 ns,5786 ns,1752 ns,0,10178

87,0,4034 ns,5738 ns,1704 ns,0,9645

88,0,4034 ns,5099 ns,1065 ns,0,10380

89,0,4034 ns,5916 ns,1882 ns,0,10683

90,0,4034 ns,5043 ns,1009 ns,0,8875

91,0,4034 ns,6943 ns,2909 ns,0,7893

92,0,4034 ns,6387 ns,2353 ns,0,11263

93,0,4034 ns,5435 ns,1401 ns,0,9151

94,0,4034 ns,5851 ns,1817 ns,0,9957

95,0,4034 ns,5550 ns,1516 ns,0,7549

96,0,4034 ns,6123 ns,2089 ns,0,9089

97,0,4034 ns,6616 ns,2582 ns,0,12073

98,0,4034 ns,5805 ns,1771 ns,0,7601

99,0,4034 ns,6226 ns,2192 ns,0,11253

0,0,0 ns,0 ns,0 ns,0,0

