0,0,3884 ns,4888 ns,1004 ns,0,8937

1,0,3884 ns,6757 ns,2873 ns,0,9076

2,0,3884 ns,5614 ns,1730 ns,0,9093

3,0,3884 ns,5527 ns,1643 ns,0,10248

4,0,3884 ns,6203 ns,2319 ns,0,9054

5,0,3884 ns,6543 ns,2659 ns,0,11313

6,0,3884 ns,5706 ns,1822 ns,0,11023

7,0,3884 ns,6292 ns,2408 ns,0,11474

8,0,3884 ns,5874 ns,1990 ns,0,10699

9,0,3884 ns,6536 ns,2652 ns,0,9406

10,0,3884 ns,6862 ns,2978 ns,0,8712

11,0,3884 ns,6786 ns,2902 ns,0,8790

12,0,3884 ns,5582 ns,1698 ns,0,10143

13,0,3884 ns,6227 ns,2343 ns,0,8243

14,0,3884 ns,5762 ns,1878 ns,0,8591

15,0,3884 ns,6393 ns,2509 ns,0,10040

16,0,3884 ns,6681 ns,2797 ns,0,7541

17,0,3884 ns,6532 ns,2648 ns,0,9894

18,0,3884 ns,5650 ns,1766 ns,0,8766

19,0,3884 ns,5908 ns,2024 ns,0,11181

20,0,3884 ns,5219 ns,1335 ns,0,10368

21,0,3884 ns,6335 ns,2451 ns,0,8761

22,0,3884 ns,5276 ns,1392 ns,0,9422

23,0,3884 ns,4898 ns,1014 ns,0,10170

24,0,3884 ns,6080 ns,2196 ns,0,9735

25,0,3884 ns,6534 ns,2650 ns,0,9304

26,0,3884 ns,5446 ns,1562 ns,0,10435

27,0,3884 ns,5244 ns,1360 ns,0,11405

28,0,3884 ns,5355 ns,1471 ns,0,10750

29,0,3884 ns,6828 ns,2944 ns,0,10389

30,0,3884 ns,6301 ns,2417 ns,0,9637

31,0,3884 ns,6672 ns,2788 ns,0,8829

32,0,3884 ns,5273 ns,1389 ns,0,8855

33,0,3884 ns,5737 ns,1853 ns,0,11073

34,0,3884 ns,6166 ns,2282 ns,0,8175

35,0,3884 ns,6797 ns,2913 ns,0,10051

36,0,3884 ns,4999 ns,1115 ns,0,10820

37,0,3884 ns,6773 ns,2889 ns,0,7625

38,0,3884 ns,6219 ns,2335 ns,0,9390

39,0,3884 ns,6330 ns,2446 ns,0,10704

40,0,3884 ns,5566 ns,1682 ns,0,9331

41,0,3884 ns,6587 ns,2703 ns,0,9532

42,0,3884 ns,5086 ns,1202 ns,0,10063

43,0,3884 ns,6503 ns,2619 ns,0,10685

44,0,3884 ns,5763 ns,1879 ns,0,10927

45,0,3884 ns,6464 ns,2580 ns,0,7845

46,0,3884 ns,5455 ns,1571 ns,0,9195

47,0,3884 ns,5506 ns,1622 ns,0,8084

48,0,3884 ns,5243 ns,1359 ns,0,8976

49,0,3884 ns,6114 ns,2230 ns,0,10282

50,0,3884 ns,5792 ns,1908 ns,0,7483

51,0,3884 ns,5699 ns,1815 ns,0,7654

52,0,3884 ns,4945 ns,1061 ns,0,9488

53,0,3884 ns,5971 ns,2087 ns,0,8886

54,0,3884 ns,6604 ns,2720 ns,0,9303

55,0,3884 ns,6367 ns,2483 ns,0,9963

56,0,3884 ns,5625 ns,1741 ns,0,8909

57,0,3884 ns,6086 ns,2202 ns,0,8741

58,0,3884 ns,5246 ns,1362 ns,0,8124

59,0,3884 ns,6058 ns,2174 ns,0,7477

60,0,3884 ns,6381 ns,2497 ns,0,10843

61,0,3884 ns,5978 ns,2094 ns,0,11577

62,0,3884 ns,5003 ns,1119 ns,0,8226

63,0,3884 ns,5025 ns,1141 ns,0,8430

64,0,3884 ns,5632 ns,1748 ns,0,10779

65,0,3884 ns,6118 ns,2234 ns,0,8964

66,0,3884 ns,6512 ns,2628 ns,0,9388

67,0,3884 ns,6678 ns,2794 ns,0,8526

68,0,3884 ns,5192 ns,1308 ns,0,8127

69,0,3884 ns,5083 ns,1199 ns,0,8095

70,0,3884 ns,5411 ns,1527 ns,0,10582

71,0,3884 ns,6870 ns,2986 ns,0,10675

72,0,3884 ns,5309 ns,1425 ns,0,7894

73,0,3884 ns,6653 ns,2769 ns,0,8804

74,0,3884 ns,5563 ns,1679 ns,0,9184

75,0,3884 ns,6470 ns,2586 ns,0,9681

76,0,3884 ns,6579 ns,2695 ns,0,10483

77,0,3884 ns,6241 ns,2357 ns,0,7757

78,0,3884 ns,6395 ns,2511 ns,0,8610

79,0,3884 ns,5848 ns,1964 ns,0,7871

80,0,3884 ns,6425 ns,2541 ns,0,9510

81,0,3884 ns,5913 ns,2029 ns,0,9612

82,0,3884 ns,5129 ns,1245 ns,0,9683

83,0,3884 ns,6857 ns,2973 ns,0,8115

84,0,3884 ns,6145 ns,2261 ns,0,7510

85,0,3884 ns,6579 ns,2695 ns,0,9850

86,0,3884 ns,6295 ns,2411 ns,0,11528

87,0,3884 ns,5497 ns,1613 ns,0,10574

88,0,3884 ns,6866 ns,2982 ns,0,10283

89,0,3884 ns,5064 ns,1180 ns,0,10052

90,0,3884 ns,5765 ns,1881 ns,0,10270

91,0,3884 ns,6834 ns,2950 ns,0,9836

92,0,3884 ns,6444 ns,2560 ns,0,10301

93,0,3884 ns,6389 ns,2505 ns,0,11422

94,0,3884 ns,6802 ns,2918 ns,0,8390

95,0,3884 ns,5327 ns,1443 ns,0,8642

96,0,3884 ns,5107 ns,1223 ns,0,9708

97,0,3884 ns,5511 ns,1627 ns,0,8759

98,0,3884 ns,6736 ns,2852 ns,0,11002

99,0,3884 ns,5020 ns,1136 ns,0,7542

0,0,0 ns,0 ns,0 ns,0,0

